{
  "nbformat": 4,
  "nbformat_minor": 0,
  "metadata": {
    "colab": {
      "provenance": []
    },
    "kernelspec": {
      "name": "python3",
      "display_name": "Python 3"
    },
    "language_info": {
      "name": "python"
    }
  },
  "cells": [
    {
      "cell_type": "code",
      "execution_count": 1,
      "metadata": {
        "id": "cby5sAsGO5E-"
      },
      "outputs": [],
      "source": [
        "import numpy as np\n",
        "from numpy.linalg import eigh, norm"
      ]
    },
    {
      "cell_type": "code",
      "source": [
        "A = np.array([[-5,2,3],\n",
        "              [2,5,1],\n",
        "              [-3,1,-5]])"
      ],
      "metadata": {
        "id": "hXkCMSzyRsAU"
      },
      "execution_count": 2,
      "outputs": []
    },
    {
      "cell_type": "code",
      "source": [
        "A.T"
      ],
      "metadata": {
        "colab": {
          "base_uri": "https://localhost:8080/"
        },
        "id": "Qhs7sToJR8Cu",
        "outputId": "94766cf3-23c0-4b80-a553-cd517fa86d50"
      },
      "execution_count": 3,
      "outputs": [
        {
          "output_type": "execute_result",
          "data": {
            "text/plain": [
              "array([[-5,  2, -3],\n",
              "       [ 2,  5,  1],\n",
              "       [ 3,  1, -5]])"
            ]
          },
          "metadata": {},
          "execution_count": 3
        }
      ]
    },
    {
      "cell_type": "code",
      "source": [
        "A.T@A"
      ],
      "metadata": {
        "colab": {
          "base_uri": "https://localhost:8080/"
        },
        "id": "5BPLovoTSAaK",
        "outputId": "610be7e1-1297-4f63-d99f-7c56709d2043"
      },
      "execution_count": 4,
      "outputs": [
        {
          "output_type": "execute_result",
          "data": {
            "text/plain": [
              "array([[38, -3,  2],\n",
              "       [-3, 30,  6],\n",
              "       [ 2,  6, 35]])"
            ]
          },
          "metadata": {},
          "execution_count": 4
        }
      ]
    },
    {
      "cell_type": "code",
      "source": [
        "eigh(A.T@A)"
      ],
      "metadata": {
        "colab": {
          "base_uri": "https://localhost:8080/"
        },
        "id": "GdhIFsCaSKMe",
        "outputId": "8dc56a8a-cc86-4c73-f6ca-acd1168601ce"
      },
      "execution_count": 5,
      "outputs": [
        {
          "output_type": "execute_result",
          "data": {
            "text/plain": [
              "(array([25., 39., 39.]),\n",
              " array([[ 0.26726124, -0.96362411,  0.        ],\n",
              "        [ 0.80178373,  0.22237479,  0.5547002 ],\n",
              "        [-0.53452248, -0.14824986,  0.83205029]]))"
            ]
          },
          "metadata": {},
          "execution_count": 5
        }
      ]
    },
    {
      "cell_type": "code",
      "source": [
        "ev, V = eigh(A.T@A)"
      ],
      "metadata": {
        "id": "v4bH7ovSSfnB"
      },
      "execution_count": 6,
      "outputs": []
    },
    {
      "cell_type": "code",
      "source": [
        "V.T"
      ],
      "metadata": {
        "colab": {
          "base_uri": "https://localhost:8080/"
        },
        "id": "zr4yZkagS37g",
        "outputId": "47a58afc-8687-49ae-b7a6-5b2571e04298"
      },
      "execution_count": 7,
      "outputs": [
        {
          "output_type": "execute_result",
          "data": {
            "text/plain": [
              "array([[ 0.26726124,  0.80178373, -0.53452248],\n",
              "       [-0.96362411,  0.22237479, -0.14824986],\n",
              "       [ 0.        ,  0.5547002 ,  0.83205029]])"
            ]
          },
          "metadata": {},
          "execution_count": 7
        }
      ]
    },
    {
      "cell_type": "code",
      "source": [
        "V[0]"
      ],
      "metadata": {
        "colab": {
          "base_uri": "https://localhost:8080/"
        },
        "id": "TFIb1wqjS8dE",
        "outputId": "b3acb1ad-c78a-49ff-f09f-aebf77080e2d"
      },
      "execution_count": 8,
      "outputs": [
        {
          "output_type": "execute_result",
          "data": {
            "text/plain": [
              "array([ 0.26726124, -0.96362411,  0.        ])"
            ]
          },
          "metadata": {},
          "execution_count": 8
        }
      ]
    },
    {
      "cell_type": "code",
      "source": [
        "u0 = A@V[:,0]/norm(A@V[:,0])\n",
        "u1 = A@V[:,1]/norm(A@V[:,1])\n",
        "u2 = A@V[:,2]/norm(A@V[:,2])"
      ],
      "metadata": {
        "id": "Uge8HOjoTBmC"
      },
      "execution_count": 9,
      "outputs": []
    },
    {
      "cell_type": "code",
      "source": [
        "U=np.array([u0,u1,u2]).T\n",
        "U"
      ],
      "metadata": {
        "colab": {
          "base_uri": "https://localhost:8080/"
        },
        "id": "k1Jqn-g4Tbok",
        "outputId": "db9a13e6-18cb-4c94-f2d8-42032143f902"
      },
      "execution_count": 10,
      "outputs": [
        {
          "output_type": "execute_result",
          "data": {
            "text/plain": [
              "array([[-0.26726124,  0.77151675,  0.57735027],\n",
              "       [ 0.80178373, -0.15430335,  0.57735027],\n",
              "       [ 0.53452248,  0.6172134 , -0.57735027]])"
            ]
          },
          "metadata": {},
          "execution_count": 10
        }
      ]
    },
    {
      "cell_type": "code",
      "source": [
        "D = np.round(U.T@A@V, decimals=5)\n",
        "D"
      ],
      "metadata": {
        "colab": {
          "base_uri": "https://localhost:8080/"
        },
        "id": "a3a64WHSTi56",
        "outputId": "5aca087c-d249-4b93-a3d4-f7bff813e583"
      },
      "execution_count": 11,
      "outputs": [
        {
          "output_type": "execute_result",
          "data": {
            "text/plain": [
              "array([[ 5.   ,  0.   , -0.   ],\n",
              "       [-0.   ,  6.245,  0.   ],\n",
              "       [-0.   , -0.   ,  6.245]])"
            ]
          },
          "metadata": {},
          "execution_count": 11
        }
      ]
    },
    {
      "cell_type": "code",
      "source": [
        "#A = U@D@V.T is the SVD\n",
        "U@D@V.T"
      ],
      "metadata": {
        "colab": {
          "base_uri": "https://localhost:8080/"
        },
        "id": "hyDRejBTUR_Y",
        "outputId": "ce628fce-9e85-4af5-be22-fb9c4eae8c23"
      },
      "execution_count": 12,
      "outputs": [
        {
          "output_type": "execute_result",
          "data": {
            "text/plain": [
              "array([[-5.00000149,  2.00000098,  3.00000073],\n",
              "       [ 2.0000003 ,  5.00000057,  1.00000101],\n",
              "       [-3.00000119,  0.99999963, -5.00000114]])"
            ]
          },
          "metadata": {},
          "execution_count": 12
        }
      ]
    },
    {
      "cell_type": "markdown",
      "source": [
        "Try a numpy package for SVD"
      ],
      "metadata": {
        "id": "nN2jxf-qWDHZ"
      }
    },
    {
      "cell_type": "code",
      "source": [
        "A2 = np.array([[-5,2,3],\n",
        "              [2,5,1],\n",
        "              [-3,1,-5]])"
      ],
      "metadata": {
        "id": "CWZZgaPAWClA"
      },
      "execution_count": 13,
      "outputs": []
    },
    {
      "cell_type": "code",
      "source": [
        "U2, D2, Vh2 = np.linalg.svd(A2, full_matrices=True)"
      ],
      "metadata": {
        "id": "rE5LNaG_W0sM"
      },
      "execution_count": 14,
      "outputs": []
    },
    {
      "cell_type": "code",
      "source": [
        "U2"
      ],
      "metadata": {
        "colab": {
          "base_uri": "https://localhost:8080/"
        },
        "id": "Dx-oPOvHW_50",
        "outputId": "30928443-d539-46a7-ec2f-aafdfb8f7d62"
      },
      "execution_count": 15,
      "outputs": [
        {
          "output_type": "execute_result",
          "data": {
            "text/plain": [
              "array([[-0.57735027, -0.77151675,  0.26726124],\n",
              "       [-0.57735027,  0.15430335, -0.80178373],\n",
              "       [ 0.57735027, -0.6172134 , -0.53452248]])"
            ]
          },
          "metadata": {},
          "execution_count": 15
        }
      ]
    },
    {
      "cell_type": "code",
      "source": [
        "D2"
      ],
      "metadata": {
        "colab": {
          "base_uri": "https://localhost:8080/"
        },
        "id": "20lZzsFWXZmY",
        "outputId": "7379edfb-9b4f-44a5-fda4-818c87936b69"
      },
      "execution_count": 16,
      "outputs": [
        {
          "output_type": "execute_result",
          "data": {
            "text/plain": [
              "array([6.244998, 6.244998, 5.      ])"
            ]
          },
          "metadata": {},
          "execution_count": 16
        }
      ]
    },
    {
      "cell_type": "code",
      "source": [
        "Vh2"
      ],
      "metadata": {
        "colab": {
          "base_uri": "https://localhost:8080/"
        },
        "id": "Y-p4olbrXgBi",
        "outputId": "197cf869-e921-4290-80ec-67d96f95757f"
      },
      "execution_count": 17,
      "outputs": [
        {
          "output_type": "execute_result",
          "data": {
            "text/plain": [
              "array([[-0.        , -0.5547002 , -0.83205029],\n",
              "       [ 0.96362411, -0.22237479,  0.14824986],\n",
              "       [-0.26726124, -0.80178373,  0.53452248]])"
            ]
          },
          "metadata": {},
          "execution_count": 17
        }
      ]
    },
    {
      "cell_type": "code",
      "source": [
        "U2@np.diag(D2)@Vh2"
      ],
      "metadata": {
        "colab": {
          "base_uri": "https://localhost:8080/"
        },
        "id": "MHif_0WUXvmR",
        "outputId": "990f1c00-501a-4ba1-9e89-f0084867b02d"
      },
      "execution_count": 18,
      "outputs": [
        {
          "output_type": "execute_result",
          "data": {
            "text/plain": [
              "array([[-5.,  2.,  3.],\n",
              "       [ 2.,  5.,  1.],\n",
              "       [-3.,  1., -5.]])"
            ]
          },
          "metadata": {},
          "execution_count": 18
        }
      ]
    },
    {
      "cell_type": "markdown",
      "source": [
        "Comparison"
      ],
      "metadata": {
        "id": "208JxKAeYoI_"
      }
    },
    {
      "cell_type": "code",
      "source": [
        "print('U = ',U,'\\n\\n U2 =',U2)"
      ],
      "metadata": {
        "colab": {
          "base_uri": "https://localhost:8080/"
        },
        "id": "9_BCh3o8Ynm8",
        "outputId": "0d73a8f3-0d03-423a-fc40-56884003b1e0"
      },
      "execution_count": 19,
      "outputs": [
        {
          "output_type": "stream",
          "name": "stdout",
          "text": [
            "U =  [[-0.26726124  0.77151675  0.57735027]\n",
            " [ 0.80178373 -0.15430335  0.57735027]\n",
            " [ 0.53452248  0.6172134  -0.57735027]] \n",
            "\n",
            " U2 = [[-0.57735027 -0.77151675  0.26726124]\n",
            " [-0.57735027  0.15430335 -0.80178373]\n",
            " [ 0.57735027 -0.6172134  -0.53452248]]\n"
          ]
        }
      ]
    },
    {
      "cell_type": "code",
      "source": [
        "print('V.T = ',V.T,'\\n\\n Vh2 =',Vh2)"
      ],
      "metadata": {
        "colab": {
          "base_uri": "https://localhost:8080/"
        },
        "id": "g8F-RwabY24q",
        "outputId": "33b0d350-d2da-4821-8c05-39c987e595e8"
      },
      "execution_count": 20,
      "outputs": [
        {
          "output_type": "stream",
          "name": "stdout",
          "text": [
            "V.T =  [[ 0.26726124  0.80178373 -0.53452248]\n",
            " [-0.96362411  0.22237479 -0.14824986]\n",
            " [ 0.          0.5547002   0.83205029]] \n",
            "\n",
            " Vh2 = [[-0.         -0.5547002  -0.83205029]\n",
            " [ 0.96362411 -0.22237479  0.14824986]\n",
            " [-0.26726124 -0.80178373  0.53452248]]\n"
          ]
        }
      ]
    }
  ]
}